7.022	11.545	2.552
3.626	12.824	2.555
8.746	5.607	2.904
4.365	6.381	2.386
5.969	15.196	2.052
8.72	10.05	3.114
12.008	6.338	2.656
1.598	1.131	2.103
14.488	1.487	2.321
12.767	2.065	2.562
6.962	2.251	2.318
14.718	13.354	2.707
2.765	9.229	2.556
14.289	4.288	2.375
11.846	1.161	2.74
3.18	3.051	2.363
0.683	7.586	2.361
3.234	14.563	2.376
5.468	0.609	2.094
13.687	2.753	2.702
9.867	12.32	2.899
14.283	2.429	2.327
3.704	11.679	2.603
4.262	10.522	2.805
15.209	10.574	2.241
14.338	13.629	2.95
4.814	9.011	2.797
13.963	8.159	2.551
6.626	8.031	2.853
12.408	13.782	2.701
0.398	4.797	2.526
6.625	10.026	3.058
2.244	11.404	2.344
14.056	0.199	2.685
10.03	10.968	2.858
2.961	12.373	2.203
8.02	11.204	2.93
2.644	4.089	2.322
9.636	3.99	2.847
3.362	1.441	2.44
5.807	3.967	2.534
13.743	14.389	2.305
1.574	7.006	2.431
6.557	12.527	2.419
11.777	2.185	2.794
1.115	7.43	2.491
9.304	7.588	2.69
11.318	6.55	2.485
12.628	7.543	2.711
8.207	6.96	2.534
15.245	14.753	2.405
15.42	5.992	2.403
15.425	1.854	2.374
0.31122	0.39	2.369
12.797	14.369	2.597
3.239	4.338	2.437
14.929	7.147	2.539
13.562	9.797	2.547
10.472	15.333	2.656
5.233	11.964	2.387
1.436	1.937	2.206
8.387	3.151	2.626
2.252	14.188	2.599
8.427	12.942	2.764
13.686	6.326	2.457
11.483	4.696	2.602
10.957	13.029	2.868
9.228	11.417	2.801
1.258	0.657	2.396
10.187	6.55	2.819
7.337	13.705	2.603
6.037	1.771	2.223
1.752	11.948	2.409
7.113	3.516	2.19
9.999	8.597	2.925
2.006	2.39	2.437
5.488	13.147	2.034
1.299	8.464	2.477
4.133	1.16	2.323
14.162	14.581	2.443
8.499	1.901	2.586
7.706	13.278	2.583
13.113	8.889	2.72
0.28622	2.321	2.531
2.118	3.629	2.359
2.693	7.084	2.566
3.676	9.537	2.581
11.53	7.29	2.742
14.461	5.595	2.268
5.87	1.302	2.23
8.008	12.381	2.437
10.663	7.525	2.399
12.533	0.85	2.388
2.017	5.847	2.524
7.683	6.201	2.655
0.671	2.388	2.549
10.719	0.946	2.752
7.137	4.946	2.664
12.456	10.768	2.347
2.715	8.088	2.687
9.755	5.121	2.654
12.818	8.549	2.865
2.382	8.239	2.463
7.175	8.803	2.853
2.064	7.162	2.552
9.05	6.118	2.659
10.559	2.356	2.592
3.958	0.27	1.989
1.434	14.763	2.518
9.41	15.45	2.564
7.965	0.851	2.508
11.934	11.698	2.836
11.569	1.797	2.584
1.042	13.941	2.572
4.61	9.78	3.033
13.197	5.673	2.413
10.306	1.608	2.438
4.602	1.829	2.149
8.008	8.124	2.845
13.197	1.28	2.639
7.906	1.97	2.609
1.588	15.043	2.223
4.882	0.199	2.293
1.239	9.802	2.324
7.196	14.483	2.479
1.839	2.851	2.473
2.904	14.3	2.413
12.51	5.689	2.343
3.481	2.03	2.064
0.342	11.864	2.505
0.853	11.667	2.611
10.161	14.372	2.691
14.331	1.121	2.57
9.925	1.884	2.621
4.476	4.6	2.563
12.491	4.502	2.293
5.544	11.765	2.615
13.98	12.866	2.724
6.945	5.6	2.632
11.677	10.704	2.648
15.386	4.253	2.539
4.38	8.155	2.53
8.401	13.781	2.501
9.939	11.574	2.708
10.934	11.742	2.847
5.876	2.187	2.352
7.561	9.373	2.953
12.312	3.904	2.393
1.27	4.283	2.356
10.636	6.359	2.523
0.592	8.72	2.451
6.932	4.469	2.575
0.13522	12.563	2.715
2.997	6.717	2.501
11.623	8.235	2.676
12.884	15.35	2.345
6.599	3.853	2.223
9.151	10.956	3.109
5.114	10.135	2.959
6.719	14.642	2.449
4.822	11.482	2.502
5.754	7.274	2.782
9.44	1.67	2.41
11.778	3.198	2.657
12.373	2.937	2.65
11.216	12.183	2.799
3.194	8.461	2.51
10.728	8.624	2.675
1.492	9.43	2.307
13.725	3.718	2.59
3.098	2.827	6.529
11.407	9.027	7.285
11.826	1.837	6.706
9.471	14.403	7.01
13.663	7.043	6.488
15.139	6.75	6.353
15.05	3.842	6.639
2.25	8.96	6.645
4.651	1.401	6.649
10.694	8.384	7.125
0.213	15.21	6.702
7.932	5.946	6.812
12.142	9.164	7.19
3.266	13.175	6.763
5.513	9.002	6.505
7.955	7.986	6.855
4.451	9.174	6.792
3.029	10.543	6.47
11.582	11.86	6.952
15.518	5.227	6.383
5.523	2.207	6.572
7.126	13.964	6.571
14.241	1.134	6.693
1.421	9.979	6.409
12.929	15.489	7.043
5.321	9.602	6.876
0.705	1.469	6.827
3.069	13.969	6.505
6.099	0.474	6.63
12.332	13.395	7.06
10.441	13.191	7.127
12.579	12.122	6.976
5.996	1.812	6.533
11.132	3.941	6.69
13.92	4.735	6.564
14.39	7.349	6.583
0.921	15.087	6.802
9.414	10.82	7.345
9.377	5.311	7.244
1.876	2.942	6.82
3.785	4.042	6.873
3.535	10.892	6.682
0.489	6.384	6.368
12.14	3.815	6.642
6.182	9.249	7.133
2.654	11.849	6.54
14.469	14.065	6.704
12.319	14.158	6.952
12.124	2.853	6.513
10.405	11.147	7.186
13.432	11.236	6.483
7.059	5.242	6.789
3.739	2.102	6.303
5.949	6.84	6.663
2.454	9.64	6.698
2.196	3.812	6.533
10.835	1.573	6.684
13.942	10.586	6.798
6.853	8.489	6.992
2.401	10.277	6.543
6.275	14.489	6.569
13.598	9.655	6.623
2.015	4.36	6.543
13.575	4.125	6.492
9.046	5.845	6.963
12.595	8.888	7.175
4.984	8.732	6.702
14.999	5.55	6.571
8.289	8.265	7.09
8.01	0.16422	6.774
13.929	0.44	6.742
1.015	13.459	6.688
8.195	3.311	6.617
9.871	3.631	6.558
7.503	8.992	6.961
0.891	3.157	6.818
7.81	12.151	6.645
11.325	2.671	6.764
15.275	1.392	6.685
7.795	9.266	6.849
3.445	7.926	6.532
1.811	5.509	6.725
12.878	11.22	6.77
12.679	2.828	6.593
5.029	11.751	6.737
6.727	7.344	6.857
6.829	12.247	6.587
8.232	2.853	6.68
4.018	8.555	6.772
6.215	11.99	6.876
5.064	6.384	7.03
4.75	8.025	6.645
8.153	10.312	7.116
15.299	7.5	6.38
1.506	8.263	6.813
3.119	15.133	6.39
15.108	12.997	6.914
1.717	0.27522	6.711
11.361	7.184	6.923
3.53	0.663	6.235
14.702	11.438	6.592
5.354	13.636	6.76
0.453	8.783	6.263
6.735	14.755	6.693
1.824	7.928	6.739
1.972	6.547	6.733
8.604	11.745	7.418
1.197	1.488	6.746
7.992	6.778	6.896
14.973	0.898	6.409
5.771	4.222	6.599
12.951	1.475	6.898
4.784	10.39	6.692
14.082	15.023	6.837
15.384	10.295	6.444
12.675	10.789	6.831
10.978	9.439	7.304
0.722	4.806	6.575
2.961	7.665	6.654
3.551	9.361	6.741
6.994	10.662	6.835
11.854	5.252	6.818
13.086	7.149	6.857
9.521	13.053	7.176
3.853	10.586	6.924
8.266	1.857	6.843
7.428	6.263	6.744
0.868	7.355	6.688
6.107	8.151	6.906
12.463	10.193	6.784
9.177	4.582	7.101
8.288	14.766	6.653
1.073	4.058	6.653
10.049	7.474	7.243
0.34422	12.031	6.955
4.204	14.091	6.555
5.522	3.023	6.753
1.471	14.317	6.616
14.517	4.511	6.486
9.916	11.475	7.188
13.984	13.427	7.141
10.402	14.197	7.217
7.402	6.963	7.035
3.066	4.648	6.702
13.342	5.34	6.496
11.645	6.416	7.026
6.971	13.211	6.613
10.659	0.537	6.476
14.413	12.195	6.786
10.656	9.199	7.273
8.989	10.828	7.138
5.322	7.378	6.813
2.454	7.444	6.676
15.052	9.907	6.658
12.205	4.278	6.662
10.41	14.949	7.123
9.493	2.052	6.526
11.925	5.929	7.203
4.575	6.55	6.855
13.609	8.426	6.934
3.702	14.572	6.391
6.419	8.662	7.19
7.435	1.05	6.673
11.206	11.414	7.016
4.456	5.667	6.672
8.854	10.48	7.416
1.87	12.053	6.764
0.797	10.67	6.522
6.289	12.655	6.809
6.728	1.104	6.856
